8	0
9	0
16	0
17	0
20	0
21	0
26	0
27	0
28	0
29	0
34	0
35	0
39	0
40	0
60	0
61	0
62	0
63	0
64	0
65	0
67	0
68	0
73	0
74	0
76	0
77	0
85	0
86	0
89	0
90	0
95	0
96	0
105	0
106	0
115	0
116	0
118	0
119	0
124	0
125	0
126	0
127	0
129	0
130	0
135	0
136	0
140	0
141	0
145	0
146	0
149	0
150	0
155	0
159	0
165	0
170	0
171	0
175	0
176	0
180	0
185	0
188	0
189	0
190	0
191	0
192	0
195	0
196	0
198	0
199	0
205	0
206	0
207	0
208	0
209	0
210	0
213	0
214	0
222	0
223	0
228	0
232	0
234	0
259	0
267	0
268	0
280	0
281	0
282	0
285	0
286	0
287	0
288	0
291	0
292	0
294	0
308	0
309	0
310	0
316	0
318	0
319	0
320	0
322	0
323	0
325	0
326	0
327	0
328	0
329	0
330	0
331	0
332	0
333	0
342	0
345	0
347	0
349	0
350	0
354	0
359	0
360	0
362	0
363	0
364	0
365	0
367	0
368	0
369	0
371	0
372	0
375	0
376	0
378	0
379	0
380	0
388	0
390	0
396	0
398	0
399	0
401	0
402	0
403	0
404	0
405	0
408	0
410	0
411	0
412	0
414	0
421	0
422	0
423	0
426	0
427	0
430	0
431	0
436	0
438	0
441	0
442	0
444	0
458	0
459	0
461	0
462	0
463	0
464	0
466	0
469	0
470	0
479	0
481	0
482	0
483	0
484	0
488	0
489	0
491	0
492	0
494	0
495	0
496	0
497	0
498	0
499	0
501	0
502	0
505	0
506	0
508	0
509	0
510	0
516	0
520	0
523	0
524	0
526	0
527	0
535	0
541	0
544	0
545	0
547	0
548	0
549	0
550	0
555	0
556	0
559	0
560	0
563	0
565	0
566	0
567	0
568	0
569	0
570	0
572	0
573	0
576	0
577	0
578	0
580	0
586	0
590	0
601	0
604	0
605	0
608	0
614	0
615	0
616	0
617	0
619	0
620	0
622	0
623	0
628	0
631	0
632	0
633	0
634	0
637	0
645	0
647	0
651	0
653	0
657	0
663	0
664	0
669	0
671	0
672	0
673	0
681	0
683	0
700	0
708	0
709	0
714	0
715	0
718	0
730	0
0	1
1	1
4	1
5	1
6	1
7	1
10	1
11	1
12	1
13	1
14	1
15	1
18	1
19	1
24	1
25	1
30	1
31	1
32	1
33	1
36	1
37	1
38	1
43	1
44	1
47	1
48	1
49	1
50	1
51	1
52	1
53	1
54	1
55	1
56	1
57	1
58	1
59	1
66	1
69	1
70	1
75	1
78	1
79	1
80	1
81	1
82	1
83	1
84	1
87	1
88	1
91	1
92	1
93	1
94	1
97	1
98	1
99	1
100	1
101	1
102	1
103	1
104	1
109	1
110	1
111	1
112	1
113	1
114	1
117	1
120	1
121	1
122	1
123	1
128	1
131	1
132	1
133	1
134	1
137	1
138	1
139	1
142	1
143	1
144	1
147	1
148	1
151	1
152	1
153	1
154	1
156	1
157	1
158	1
160	1
161	1
162	1
163	1
164	1
166	1
167	1
168	1
169	1
173	1
174	1
178	1
179	1
181	1
182	1
186	1
187	1
193	1
194	1
197	1
204	1
215	1
216	1
217	1
218	1
219	1
226	1
227	1
233	1
235	1
240	1
241	1
242	1
243	1
246	1
247	1
248	1
249	1
250	1
251	1
252	1
253	1
254	1
257	1
258	1
260	1
261	1
266	1
271	1
275	1
276	1
277	1
278	1
279	1
283	1
284	1
289	1
290	1
293	1
298	1
299	1
302	1
303	1
304	1
305	1
306	1
307	1
311	1
312	1
314	1
317	1
321	1
334	1
335	1
341	1
346	1
348	1
351	1
352	1
353	1
361	1
370	1
373	1
374	1
377	1
383	1
385	1
386	1
387	1
392	1
393	1
394	1
395	1
397	1
400	1
409	1
417	1
418	1
419	1
428	1
432	1
433	1
435	1
437	1
439	1
440	1
446	1
451	1
455	1
456	1
457	1
465	1
475	1
476	1
477	1
486	1
493	1
503	1
504	1
507	1
511	1
512	1
517	1
530	1
531	1
532	1
534	1
537	1
540	1
542	1
558	1
564	1
571	1
574	1
584	1
585	1
591	1
592	1
600	1
609	1
654	1
658	1
688	1
717	1
45	2
46	2
172	2
183	2
184	2
202	2
203	2
211	2
212	2
220	2
221	2
230	2
231	2
244	2
245	2
264	2
265	2
295	2
300	2
301	2
315	2
338	2
339	2
340	2
343	2
344	2
381	2
382	2
384	2
389	2
415	2
416	2
420	2
424	2
425	2
434	2
448	2
454	2
474	2
485	2
519	2
522	2
528	2
529	2
533	2
536	2
538	2
539	2
546	2
551	2
553	2
554	2
557	2
579	2
587	2
595	2
596	2
597	2
598	2
599	2
606	2
610	2
612	2
613	2
621	2
624	2
625	2
629	2
630	2
635	2
636	2
638	2
641	2
644	2
646	2
652	2
659	2
660	2
665	2
666	2
667	2
668	2
670	2
675	2
676	2
677	2
680	2
682	2
689	2
690	2
691	2
692	2
693	2
694	2
695	2
696	2
701	2
702	2
703	2
704	2
706	2
712	2
713	2
716	2
719	2
722	2
723	2
725	2
726	2
727	2
728	2
729	2
731	2
732	2
735	2
2	3
3	3
41	3
42	3
71	3
72	3
107	3
108	3
177	3
200	3
201	3
224	3
225	3
229	3
236	3
237	3
238	3
239	3
256	3
262	3
263	3
269	3
270	3
272	3
273	3
274	3
296	3
297	3
324	3
336	3
337	3
366	3
391	3
406	3
407	3
413	3
429	3
445	3
447	3
449	3
450	3
452	3
453	3
460	3
467	3
468	3
471	3
472	3
473	3
478	3
480	3
487	3
490	3
513	3
525	3
561	3
562	3
575	3
581	3
582	3
583	3
593	3
594	3
603	3
611	3
618	3
627	3
639	3
642	3
643	3
650	3
661	3
662	3
22	4
23	4
357	4
358	4
443	4
500	4
514	4
515	4
521	4
543	4
588	4
589	4
607	4
674	4
685	4
686	4
687	4
711	4
734	4
518	5
552	5
648	5
649	5
655	5
656	5
720	5
724	5
736	5
741	5
742	5
745	5
313	6
355	6
356	6
678	6
679	6
684	6
697	6
699	6
707	6
710	6
740	6
737	7
738	7
746	7
721	8
733	8
739	8
602	9
698	9
705	9
744	10
743	11
640	12
626	13
255	14
